-11,54172,0,7.5,722.92702726417,-132.004275906573,5.837481290410,740.509048231959,-91.367630032210,10.312057630979
-12,50162,0,14.5,-589.775462411784,542.707394656156,-41.587689578802,-427.051829155824,-583.654556310207,-47.640800779946


-11,54172,0,7.5,722.8927027,-132.0042759,5.8374813,740.5090482,-91.3676300,10.3120576
-12,50162,0,14.5,-589.7754624,-542.7073947,-41.5876896,-427.0518292,-583.6545563,-47.6408008

-11,54172,0,7.5,722.8982132,-132.0045622,5.8374684,740.5138583,-91.3660640,10.3121275
-12,50162,0,14.5,-589.7570085,-542.7201138,-41.5895134,-427.0305893,-583.6661699,-47.6424633

